[gd_scene load_steps=11 format=2]

[ext_resource path="res://KinematicBody.gd" type="Script" id=1]
[ext_resource path="res://ViewportScript.gd" type="Script" id=2]
[ext_resource path="res://fonts/Xolonium-Regular.ttf" type="DynamicFontData" id=3]

[sub_resource type="CubeMesh" id=1]

[sub_resource type="BoxShape" id=2]

[sub_resource type="SpatialMaterial" id=3]
albedo_color = Color( 0.964706, 0.0235294, 0.0235294, 1 )

[sub_resource type="SphereMesh" id=4]
material = SubResource( 3 )

[sub_resource type="SphereShape" id=5]

[sub_resource type="ViewportTexture" id=6]
viewport_path = NodePath("Viewport")

[sub_resource type="DynamicFont" id=7]
size = 22
font_data = ExtResource( 3 )

[node name="Spatial" type="Spatial"]

[node name="MeshInstance" type="MeshInstance" parent="."]
transform = Transform( 3.13668, 0, 0, 0, 0.0602522, 0, 0, 0, 2.86294, 0, 0, 0 )
mesh = SubResource( 1 )
material/0 = null

[node name="StaticBody" type="StaticBody" parent="MeshInstance"]

[node name="CollisionShape" type="CollisionShape" parent="MeshInstance/StaticBody"]
transform = Transform( 1.00797, 0, 0, 0, 1, 0, 0, 0, 1, 0, 0, 0 )
shape = SubResource( 2 )

[node name="DirectionalLight" type="DirectionalLight" parent="."]
transform = Transform( 1, 0, 0, 0, 0.925732, 0.37818, 0, -0.37818, 0.925732, 0, 2.91802, 0 )

[node name="KinematicBody" type="KinematicBody" parent="."]
transform = Transform( 0.1, 0, 0, 0, 0.1, 0, 0, 0, 0.1, 0.303974, 0.236321, 0.478399 )
script = ExtResource( 1 )

[node name="MeshInstance" type="MeshInstance" parent="KinematicBody"]
transform = Transform( 0.2, 0, 0, 0, 0.2, 0, 0, 0, 0.2, 0, 0, 0 )
mesh = SubResource( 4 )
material/0 = null

[node name="CollisionShape" type="CollisionShape" parent="KinematicBody"]
transform = Transform( 1, 0, 0, 0, 1, 0, 0, 0, 1, 0, -0.0356472, 0 )
shape = SubResource( 5 )

[node name="Camera" type="Camera" parent="KinematicBody"]
transform = Transform( 1, 0, 0, 0, 0.875102, 0.483939, 0, -0.483939, 0.875102, 0.069983, 0.654454, 1.29249 )

[node name="CSGCombiner" type="CSGCombiner" parent="."]
use_collision = true

[node name="CSGPolygon" type="CSGPolygon" parent="CSGCombiner"]
transform = Transform( 1, 0, 0, 0, 1, 0, 0, 0, 1, 0.488, 0.0610361, 0 )
polygon = PoolVector2Array( 0, 0, 0.5, 0.9, 1, 0 )

[node name="CSGBox" type="CSGBox" parent="CSGCombiner"]
transform = Transform( 1, 0, 0, 0, 0.486335, -0.873772, 0, 0.873772, 0.486335, 0.989715, 0.76518, 0.199181 )
operation = 2
width = 1.03
height = 1.03
depth = 1.03

[node name="CSGBox2" type="CSGBox" parent="CSGCombiner"]
transform = Transform( -1, -7.63876e-08, -4.25168e-08, 0, 0.486335, -0.873772, 8.74228e-08, -0.873772, -0.486335, 0.986068, 0.76518, -1.19617 )
operation = 2
width = 1.03
height = 1.03
depth = 1.03

[node name="Sprite3D" type="Sprite3D" parent="."]
transform = Transform( 1, 0, 0, 0, 1, 0, 0, 0, 1, 1.6631, 0.212008, -0.525011 )
flip_v = true
billboard = 1
texture = SubResource( 6 )

[node name="Viewport" type="Viewport" parent="."]
size = Vector2( 30, 30 )
transparent_bg = true
script = ExtResource( 2 )

[node name="Label" type="Label" parent="Viewport"]
margin_right = 40.0
margin_bottom = 14.0
custom_fonts/font = SubResource( 7 )
text = "The Great 
Pyramid
of Giza "
